=== KSCCZ: 손익계획 ===
  [시트: 손익계획]
  R  2:  | 2026年 经营计划 _ 损 |  |  |  |  |  |  |  |  |  |  |  |  |  |  | (단위:RMB) |  |  | 
  R  3:  | 区分 | 2025년 계획 | 2025년 실적(예상) | 2026년 계획 | 1月 | 2月 | 3月 | 4月 | 5月 | 6月 | 7月 | 8月 | 9月 | 10月 | 11月 | 12月 |  | KRW | 
  R  4:  | Ⅰ. 销售额_매출액 | 538965152.8777 | 435395722.36 | 387377932.4788 | 31872580.09462 | 24858017.49810 | 36347428.94303 | 35770609.08814 | 28991635.65487 | 33665318.00496 | 34937848.49714 | 26487329.58133 | 35015272.92841 | 29329977.36369 | 33593949.03723 | 36507965.78732 |  | 75538696833.38 | 
  R  5:  |        전선 | 526202575.5817 | 412490137.91 | 360893901.9088 | 29487285.97462 | 22463255.33610 | 33794347.24703 | 32839242.89614 | 28503902.25487 | 31417919.00496 | 32690449.49714 | 24239930.58133 | 32767873.92841 | 27082578.36369 | 31346550.03723 | 34260566.78732 |  | 70374310872.23 | 
  R  6:  |        전장 | 12762577.296 | 22905584.45 | 26484030.57 | 2385294.120000 | 2394762.162000 | 2553081.696000 | 2931366.192000 | 487733.4 | 2247399 | 2247399 | 2247399 | 2247399 | 2247399 | 2247399 | 2247399 |  | 5164385961.15 | 
  R  7:  |  1. 产品销售_제품매출 | 456925381.6719 | 400731974.3499 | 369078408.1069 | 30325088.21269 | 23682224.32785 | 34641202.30707 | 34120301.99189 | 27565289.04730 | 32089484.17359 | 33224963.40483 | 25284402.76841 | 33365506.52619 | 27978104.02100 | 32018655.89989 | 34783185.42618 |  | 71970289580.85 | 
  R  8:  |     (사업부별) |  |  | 0 |  |  |  |  |  |  |  |  |  |  |  |  |  |  | 
  R  9:  |       전선 | 444162804.3759 | 377826389.9 | 342594377.5369 | 27939794.09269 | 21287462.16585 | 32088120.61107 | 31188935.79989 | 27077555.64730 | 29842085.17359 | 30977564.40483 | 23037003.76841 | 31118107.52619 | 25730705.02100 | 29771256.89989 | 32535786.42618 |  |  | 
  R 10:  |       전장 | 12762577.296 | 22905584.45 | 26484030.57 | 2385294.120000 | 2394762.162000 | 2553081.696000 | 2931366.192000 | 487733.4 | 2247399 | 2247399 | 2247399 | 2247399 | 2247399 | 2247399 | 2247399 |  |  | 
  R 11:  |  2.商品销售_상품매출 | 79580635.39172 | 30442990.55 | 14001788.36339 | 1200153.288290 | 914402.5053643 | 1314453.601461 | 1257303.444875 | 1085852.975120 | 1200153.288290 | 1314453.601461 | 914402.5053643 | 1257303.444875 | 1028702.818534 | 1200153.288290 | 1314453.601461 |  | 2730348730.861 | 
  R 12:  |     (사업부별) |  |  | 0 |  |  |  |  |  |  |  |  |  |  |  |  |  |  | 
  R 13:  |       전선 | 79580635.39172 | 30442990.55 | 14001788.36339 | 1200153.288290 | 914402.5053643 | 1314453.601461 | 1257303.444875 | 1085852.975120 | 1200153.288290 | 1314453.601461 | 914402.5053643 | 1257303.444875 | 1028702.818534 | 1200153.288290 | 1314453.601461 |  |  | 
  R 14:  |       전장 |  |  | 0 |  |  |  |  |  |  |  |  |  |  |  |  |  |  | 
  R 15:  |   3.其他销售_기타매출 | 2459135.814061 | 4261068.12 | 4297736.008559 | 347338.5936412 | 261390.6648842 | 391773.0344979 | 393003.6513808 | 340493.6324501 | 375680.5430832 | 398431.4908450 | 288524.3075573 | 392462.9573430 | 323170.5241525 | 375139.8490453 | 410326.7596785 |  | 838058521.6691 | 
  R 16:  | Ⅱ. 销售成本_매출원가 | 490204921.2119 | 389299689.3700 | 336579514.9589 | 27540932.79379 | 21734973.19842 | 31752612.76703 | 30798805.89014 | 25194419.28408 | 29343630.10483 | 29822505.02789 | 23383262.60419 | 30387284.53024 | 25679024.55203 | 28915738.93438 | 32026325.27191 |  | 65633005417.00 | 
  R 17:  |   1. 产品销售成本_제품 | 424644089.2773 | 358995594.5700 | 321884378.2024 | 26400983.19765 | 20844009.83375 | 30200116.28657 | 29611649.11372 | 24148884.04854 | 27888925.49495 | 28504141.07117 | 22479348.90951 | 28883302.11007 | 24680696.49677 | 27775789.33825 | 30466532.30145 |  |  | 
  R 18:  |  2. 상품매출원가 | 65560831.93460 | 29206061.38999 | 11565759.17154 | 991350.7861327 | 755314.8846725 | 1085765.146716 | 1038557.966424 | 896936.4255487 | 991350.7861327 | 1085765.146716 | 755314.8846725 | 1038557.966424 | 849729.2452566 | 991350.7861327 | 1085765.146716 |  |  | 
  R 19:  |  3. 반제품매출원가 | 0 | 0 | 0 | 0 | 0 | 0 | 0 | 0 | 0 | 0 | 0 | 0 | 0 | 0 | 0 |  |  | 
  R 20:  |  4. 기타매출원가 | 0 | -1078706.01 | 0 | 0 | 0 | 0 | 0 | 0 | 0 | 0 | 0 | 0 | 0 | 0 | 0 |  |  | 
  R 21:  |  5. 영업부가세 | 0 | 2176739.42 | 3129377.584992 | 148598.81 | 135648.48 | 466731.333748 | 148598.81 | 148598.81 | 463353.8237479 | 232598.81 | 148598.81 | 465424.4537479 | 148598.81 | 148598.81 | 474027.8237479 |  | 매입세 소진으로 세금 증가 | 
  R 22:  | Ⅲ.卖出毛利_매출총이익 | 48760231.66577 | 46096032.98990 | 50798417.51989 | 4331647.300830 | 3123044.299678 | 4594816.175998 | 4971803.198002 | 3797216.370783 | 4321687.900134 | 5115343.469245 | 3104066.977141 | 4627988.398165 | 3650952.811658 | 4678210.102847 | 4481640.515408 |  | 9905691416.379 | 
  R 23:  |      (利润率) | 0.090470100720 | 0.105871579858 | 0.131133999282 | 0.135905135008 | 0.125635292513 | 0.126413787979 | 0.138991292704 | 0.130976272466 | 0.128372109822 | 0.146412663895 | 0.117190635152 | 0.132170564759 | 0.124478541745 | 0.139257522170 | 0.122757880883 |  |  | 
  R 24:  | Ⅲ.一般管理费_판매관리비 | 28743375.09473 | 28187612.38279 | 27893280.88299 | 2192567.551740 | 2221732.242347 | 2515781.717983 | 2301102.576007 | 2103112.139390 | 2497391.663445 | 2258978.139559 | 2009778.659929 | 2719122.384772 | 2193683.527807 | 2378603.760118 | 2501426.519894 |  | 5439189772.184 | 
  R 25:  |   1..급여 | 4976222.870000 | 4475753.78 | 4522311 | 366018.8 | 359423.6 | 365469.2 | 368275.8399999 | 367320 | 368642 | 368642 | 375444.2 | 369208.92 | 368842.48 | 370976.32 | 474047.64 | OK |  | 
  R 26:  |   2.상여 | 0 | 0 | 0 | 0 | 0 | 0 | 0 | 0 | 0 | 0 | 0 | 0 | 0 | 0 | 0 |  |  | 
  R 27:  |   3.잡급 | 0 | 0 | 0 | 0 | 0 | 0 | 0 | 0 | 0 | 0 | 0 | 0 | 0 | 0 | 0 |  |  | 
  R 28:  |   4. 퇴직급여 | 0 | 0 | 0 | 0 | 0 | 0 | 0 | 0 | 0 | 0 | 0 | 0 | 0 | 0 | 0 |  |  | 
  R 29:  |   5.福利费_복리후생비 | 1420273.2545 | 1961270.87 | 1938248.214285 | 95067.5 | 363580 | 129035 | 95317.5 | 139953.9285714 | 126477.5 | 96877.5 | 92830 | 338235 | 206336.4285714 | 96042.5 | 158495.3571428 | OK |  | 
  R 30:  |   6.差旅交通费_여비교통 | 146011.4186087 | 184183.9300000 | 171834.4142703 | 14162.29458847 | 11828.40968999 | 15935.43078632 | 16140.86459884 | 11942.00604855 | 14879.50040058 | 15527.53014398 | 11969.48062977 | 15433.86266733 | 13124.27464229 | 14856.46566107 | 16034.29441310 | OK |  | 
  R 31:  |   7.招待费_접대비 | 31091.39630631 | 110557.68 | 84837.20091865 | 6969.697081168 | 5776.521982212 | 7856.808865285 | 7919.832184344 | 6045.826503045 | 7351.316427739 | 7682.323835518 | 5864.906103630 | 7634.479382461 | 6454.763863240 | 7339.550502656 | 7941.174187349 | OK |  | 
  R 32:  |   8.通信费_통신비 | 101595.1381711 | 106135.14 | 112496.1410813 | 9114.988708583 | 7301.315044403 | 10357.47270106 | 10223.69228452 | 8865.208601810 | 9776.807085999 | 10278.35956616 | 7524.553006223 | 10205.86419739 | 8418.323403281 | 9758.978998868 | 10670.57748305 | OK |  | 
  R 33:  |   9水电气费_수도광열비 | 13324.88413127 | 23127.26000000 | 25345.85211946 | 2053.645162026 | 1645.016883372 | 2333.582013472 | 2303.440724879 | 1997.368657002 | 2202.755616506 | 2315.757492573 | 1695.313331884 | 2299.423982121 | 1896.683548630 | 2198.738873748 | 2404.125833251 | OK |  | 
  R 34:  |   10.电费_전력비 | 0 | 0 | 0 | 0 | 0 | 0 | 0 | 0 | 0 | 0 | 0 | 0 | 0 | 0 | 0 |  |  | 
  R 35:  |   11.税金以及附加_세금 | 341154.0384621 | 85853.81 | 0 | 0 | 0 | 0 | 0 | 0 | 0 | 0 | 0 | 0 | 0 | 0 | 0 |  |  | 

=== KSCCZ: 제조원가계획 ===
  [시트: 제조원가계획]
  R  2:  | 2026年 经营计划 _ 制 |  |  |  |  |  |  |  |  |  |  |  |  |  |  | (단위:RMB) |  |  | 
  R  3:  | 区分 | 2025년 계획 | 2025년 실적(예상) | 2026年计劃 | 1月 | 2月 | 3月 | 4月 | 5月 | 6月 | 7月 | 8月 | 9月 | 10月 | 11月 | 12月 |  |  | 
  R  4: 333147328.4742 | Ⅰ. 材料费_재료비 | 389300225.8043 | 251216585.8599 | 280491611.8613 | 23093137.54655 | 17750198.69471 | 26702853.16204 | 26091807.13124 | 20869311.28641 | 24386746.99923 | 24995381.24166 | 19248915.27324 | 25336822.35615 | 21278217.63421 | 24322171.17566 | 26416049.36020 |  |  | 
  R  5:  |   1.기초재료비 | 378211020.8636 | 0 | 280491611.8613 | 23093137.54655 | 17750198.69471 | 26702853.16204 | 26091807.13124 | 20869311.28641 | 24386746.99923 | 24995381.24166 | 19248915.27324 | 25336822.35615 | 21278217.63421 | 24322171.17566 | 26416049.36020 |  |  | 
  R  6:  |   2.원재료매입액 | 11089204.94072 | 0 | 0 | 0 | 0 | 0 | 0 | 0 | 0 | 0 | 0 | 0 | 0 | 0 | 0 |  |  | 
  R  7:  |   3.타계정대체입고 | 0 | 0 | 0 | 0 | 0 | 0 | 0 | 0 | 0 | 0 | 0 | 0 | 0 | 0 | 0 |  |  | 
  R  8:  |   4.타계정대체출고 | 0 | 0 | 0 | 0 | 0 | 0 | 0 | 0 | 0 | 0 | 0 | 0 | 0 | 0 | 0 |  |  | 
  R  9:  |   5.기말재료비 | 0 | 0 | 0 | 0 | 0 | 0 | 0 | 0 | 0 | 0 | 0 | 0 | 0 | 0 | 0 |  |  | 
  R 10:  |   6.分摊材料费_배부재료 | 0 | 0 | 0 | 0 | 0 | 0 | 0 | 0 | 0 | 0 | 0 | 0 | 0 | 0 | 0 |  |  | 
  R 11: 23632744.94489 | Ⅱ. 劳务费_노무비 | 10137738.19 | 10436359.18800 | 11246122.98000 | 867700.2000000 | 801134.1200000 | 883074.75 | 905084.7300000 | 898604.6200000 | 906090.49 | 906090.49 | 984832.9200000 | 912570.6500000 | 911891.8500000 | 934162.75 | 1334885.410000 |  |  | 
  R 12:  |   1.工资_임금 | 10137738.19 | 10436359.18800 | 11246122.98000 | 867700.2000000 | 801134.1200000 | 883074.75 | 905084.7300000 | 898604.6200000 | 906090.49 | 906090.49 | 984832.9200000 | 912570.6500000 | 911891.8500000 | 934162.75 | 1334885.410000 |  |  | 
  R 13:  |   2.奖金_상여 | 0 | 0 | 0 | 0 | 0 | 0 | 0 | 0 | 0 | 0 | 0 | 0 | 0 | 0 | 0 |  |  | 
  R 14:  |   3.补贴_잡급 | 0 | 0 | 0 | 0 | 0 | 0 | 0 | 0 | 0 | 0 | 0 | 0 | 0 | 0 | 0 |  |  | 
  R 15:  |   4.退休金_퇴직급여 | 0 | 0 | 0 | 0 | 0 | 0 | 0 | 0 | 0 | 0 | 0 | 0 | 0 | 0 | 0 |  |  | 
  R 16: 29135397.54055 | Ⅲ. 制造费用_제조경비 | 25206125.28299 | 26196882.23000 | 30146643.36110 | 2440145.451102 | 2292677.019038 | 2614188.374532 | 2614757.252472 | 2380968.142129 | 2596088.005716 | 2602669.339512 | 2245600.716277 | 2633909.103923 | 2490587.012566 | 2519455.412585 | 2715597.531248 |  |  | 
  R 17:  |   1.福利费_복리후생비 | 1481184 | 928992.41 | 1034582.285714 | 53268 | 159588 | 55744 | 52968 | 125244.5714285 | 106468 | 76356 | 43188 | 101044 | 78468.57142857 | 53668 | 128577.1428571 |  |  | 
  R 18:  |   2.差旅交通费_여비교통 | 0 | 0 | 0 | 0 | 0 | 0 | 0 | 0 | 0 | 0 | 0 | 0 | 0 | 0 | 0 |  |  | 
  R 19:  |   3.招待费_접대비 | 0 | 0 | 0 | 0 | 0 | 0 | 0 | 0 | 0 | 0 | 0 | 0 | 0 | 0 | 0 |  |  | 
  R 20:  |   4.通信费_통신비 | 0 | 0 | 0 | 0 | 0 | 0 | 0 | 0 | 0 | 0 | 0 | 0 | 0 | 0 | 0 |  |  | 
  R 21:  |   5水电气费_수도광열비 | 37942.18742204 | 44198 | 52592.22599246 | 4327.941080817 | 3458.282155895 | 4911.895569901 | 4967.943358269 | 3731.225782233 | 4562.713869460 | 4769.557668323 | 3633.868318325 | 4739.660064245 | 4002.465566965 | 4555.361439925 | 4931.311118100 |  |  | 
  R 22:  |   6.电费_전력비 | 3925680.846425 | 4724449.229999 | 5036177.888900 | 415826.2925608 | 336417.9269582 | 471777.6459059 | 480247.0294594 | 346160.9536692 | 436333.1915570 | 455399.2017649 | 350716.0308939 | 452643.3636508 | 384691.8084795 | 435655.4748580 | 470308.9691427 |  |  | 
  R 23:  |   7.税金以及附加_세금과 | 0 | 0 | 0 | 0 | 0 | 0 | 0 | 0 | 0 | 0 | 0 | 0 | 0 | 0 | 0 |  |  | 
  R 24:  |   8.折旧费_감가상각비 | 10498326.86000 | 10689658.06000 | 11271638.52 | 931228.21 | 931228.21 | 931228.21 | 941994.8766666 | 941994.8766666 | 941994.8766666 | 941994.8766666 | 941994.8766666 | 941994.8766666 | 941994.8766666 | 941994.8766666 | 941994.8766666 |  |  | 
  R 25:  |   9.支付租金_지급임차료 | 0 | 117472.58 | 0 | 0 | 0 | 0 | 0 | 0 | 0 | 0 | 0 | 0 | 0 | 0 | 0 |  |  | 
  R 26:  |   10.维修费_수선비 | 897608.3603381 | 504265.1900000 | 1014878.129406 | 78005.18127397 | 56803.00245157 | 85192.14201585 | 84903.61481063 | 67865.46764071 | 79311.26336039 | 83646.40886920 | 59821.22424714 | 83019.19867572 | 170117.9849541 | 79152.86960429 | 87039.77150324 |  |  | 
  R 27:  |   11.保险费_보험료 | 2982418.92 | 1540504.83 | 2933838.090000 | 238958.5800000 | 241582.6100000 | 243080.2000000 | 243080.2000000 | 243080.2000000 | 252080.2000000 | 245329.3500000 | 245329.3500000 | 245329.3500000 | 245329.3500000 | 245329.3500000 | 245329.3500000 |  |  | 
  R 28:  |   12.车辆维修费_차량유 | 0 | 0 | 0 | 0 | 0 | 0 | 0 | 0 | 0 | 0 | 0 | 0 | 0 | 0 | 0 |  |  | 
  R 29:  |   13.经常研究开发费用_ | 0 | 0 | 0 | 0 | 0 | 0 | 0 | 0 | 0 | 0 | 0 | 0 | 0 | 0 | 0 |  |  | 
  R 30:  |   14.运费_운반비 | 0 | 12281.07999999 | 0 | 0 | 0 | 0 | 0 | 0 | 0 | 0 | 0 | 0 | 0 | 0 | 0 |  |  | 
  R 31:  |   15.教育培训费_교육훈 | 0 | 0 | 0 | 0 | 0 | 0 | 0 | 0 | 0 | 0 | 0 | 0 | 0 | 0 | 0 |  |  | 
  R 32:  |   16.图书印刷费_도서인 | 0 | 0 | 0 | 0 | 0 | 0 | 0 | 0 | 0 | 0 | 0 | 0 | 0 | 0 | 0 |  |  | 
  R 33:  |   17.会议费_회의비 | 0 | 0 | 0 | 0 | 0 | 0 | 0 | 0 | 0 | 0 | 0 | 0 | 0 | 0 | 0 |  |  | 
  R 34:  |   18.包装费_포장비 | 1290688.062590 | 1377728.849999 | 1938269.194900 | 160285.4799781 | 122691.0662832 | 173493.7373954 | 169445.1685842 | 156260.2791805 | 169257.6178438 | 176408.6251735 | 134159.3140425 | 175375.0046972 | 149888.7040082 | 169003.4295249 | 182000.7681883 |  |  | 
  R 35:  |   19.办公用品_사무용품 | 68077.98375544 | 209169.53 | 264982.0933409 | 21538.41492023 | 16410.22089161 | 24474.36323760 | 24158.24456630 | 20948.19284202 | 23102.26971703 | 24287.42153318 | 17780.26829421 | 24116.11738982 | 19892.21799275 | 23060.14254055 | 25214.21941556 |  |  | 

=== KSCP: 사업계획 ===
  [시트: 사업계획]
  R  1: 구분 | 년 생산댓수(매출) |  |  | 차이 | 1월 | 2월 | 3월 | 4월 | 5월 | 6월 | 7월 | 8월 | 9월 | 10월 | 11월 | 12월 | Total | 비고 |  |  |  |  |  |  |  |  |  |  | 
  R  2: PSA W1 SDN | 2017 |  |  | 0 | 900 | 50 | 0 | 570 | 0 | 71 | 71 | 71 | 71 | 71 | 71 | 71 | 2017 |  |  |  |  |  |  |  |  |  |  |  | 
  R  3: PSA W1 SUV | 12618 |  |  | 0 | 2140 | 1440 | 660 | 2420 | 960 | 714 | 714 | 714 | 714 | 714 | 714 | 714 | 12618 |  |  |  |  |  |  |  |  |  |  |  | 
  R  4: PSA W2 | 0 |  |  | 0 |  |  |  |  |  |  |  |  |  |  |  |  | 0 |  |  |  |  |  |  |  |  |  |  |  | 
  R  5: EV2020 | 601518 |  |  | 0 | 45170 | 60911 | 62112 | 62162 | 78729 | 55055 | 44244 | 52352 | 34535 | 48248 | 29000 | 29000 | 601518 |  |  |  |  |  |  |  |  |  |  |  | 
  R  6: BMW 12V HAF | 14200 |  |  | 0 | 900 | 1200 | 1400 | 1200 | 900 | 1300 | 1000 | 1500 | 1200 | 1200 | 1200 | 1200 | 14200 |  |  |  |  |  |  |  |  |  |  |  | 
  R  8: 구분 | 년 생산댓수(매입) |  |  | 차이 | 1월 | 2월 | 3월 | 4월 | 5월 | 6월 | 7월 | 8월 | 9월 | 10월 | 11월 | 12월 | Total | 비고 |  |  |  |  |  |  |  |  |  |  | 
  R  9: EBB00412AC(SDN |  |  |  | 1000 |  |  | 1000 |  |  |  |  |  |  |  |  |  | 1000 | 0 |  |  |  |  |  |  |  |  |  |  | 
  R 10: EBB00414AE(SDN |  |  |  | 1200 |  |  | 600 | 600 |  |  |  |  |  |  |  |  | 1200 | 0 |  |  |  |  |  |  |  |  |  |  | 
  R 11: ECW01188AD(SDN |  |  |  | 1988.000000000 | 336.0000000000 | 392.0000000000 | 420.0000000000 | 420.0000000000 | 420.0000000000 |  |  |  |  |  |  |  | 1988.000000000 | 0 |  |  |  |  |  |  |  |  |  |  | 
  R 12: EEA00306AC(SDN |  |  |  | 0 |  |  |  |  |  |  |  |  |  |  |  |  | 0 | 0 |  |  |  |  |  |  |  |  |  |  | 
  R 13: EEA00308AF(SDN |  |  |  | 0 |  |  |  |  |  |  |  |  |  |  |  |  | 0 | 0 |  |  |  |  |  |  |  |  |  |  | 
  R 14: EBB00412AC(SDN |  |  |  | 0 |  |  |  |  |  |  |  |  |  |  |  |  | 0 | 단가 인상 |  |  |  |  |  |  |  |  |  |  | 
  R 15: EBB00414AE(SDN |  |  |  | 0 |  |  |  |  |  | 0 | 0 | 0 | 0 | 0 | 0 | 0 | 0 | 단가 인상 |  |  |  |  |  |  |  |  |  |  | 
  R 16: ECW01188AD(SDN |  |  |  | 3192 |  |  |  |  |  | 560 | 420.0000000000 | 756.0000000000 | 420.0000000000 | 560 | 280 | 196.0000000000 | 3192 | 단가 인상 |  |  |  |  |  |  |  |  |  |  | 
  R 17: EEA00306AC(SDN | 2017 |  |  | -2017 |  |  |  |  |  | 0 | 0 | 0 | 0 | 0 | 0 | 0 | 0 | 단가 인상 |  |  |  |  |  |  |  |  |  |  | 
  R 18: EEA00308AF(SDN | 2017 |  |  | -2017 |  |  |  |  |  | 0 | 0 | 0 | 0 | 0 | 0 | 0 | 0 | 단가 인상 |  |  |  |  |  |  |  |  |  |  | 
  R 19: EBB00416AC |  |  |  | 0 |  |  |  |  |  |  |  |  |  |  |  |  | 0 | 0 |  |  |  |  |  |  |  |  |  |  | 
  R 20: EBB00418AC |  |  |  | 15400 | 1000 |  |  |  | 1800 | 1800 | 1800 | 1800 | 1800 | 1800 | 1800 | 1800 | 15400 | 0 |  |  |  |  |  |  |  |  |  |  | 
  R 21: EBB00420AD |  |  |  | 16550 | 1000 | 1150 |  |  | 1800 | 1800 | 1800 | 1800 | 1800 | 1800 | 1800 | 1800 | 16550 | 0 |  |  |  |  |  |  |  |  |  |  | 
  R 22: EBB00422AD |  |  |  | 16400 | 1000 | 1000 |  |  | 1800 | 1800 | 1800 | 1800 | 1800 | 1800 | 1800 | 1800 | 16400 | 0 |  |  |  |  |  |  |  |  |  |  | 
  R 23: ECW01190AD |  |  |  | 31820 | 2064 | 2408 | 2580 | 2580 | 2580 | 3440 | 2580 | 4644 | 2580 | 3440 | 1720 | 1204 | 31820 | 0 |  |  |  |  |  |  |  |  |  |  | 
  R 24: EEA00306AC |  |  |  | 18260 | 1968 | 960 | 932 |  | 1800 | 1800 | 1800 | 1800 | 1800 | 1800 | 1800 | 1800 | 18260 | 0 |  |  |  |  |  |  |  |  |  |  | 
  R 25: EEA00308AF | 2017 |  |  | 20113 | 1998 | 2196 | 2400 | 2936 |  | 1800 | 1800 | 1800 | 1800 | 1800 | 1800 | 1800 | 22130 | 단가 인상 |  |  |  |  |  |  |  |  |  |  | 
  R 26: EBB00416AC | 2017 |  |  | -2017 |  |  |  |  |  |  |  |  |  |  |  |  | 0 | 0 |  |  |  |  |  |  |  |  |  |  | 
  R 27: PSA W2 | 0 |  |  | 0 |  |  |  |  |  |  |  |  |  |  |  |  | 0 | 0 |  |  |  |  |  |  |  |  |  |  | 
  R 28: EV2020 | 601518 |  |  | 0 | 45170 | 60911 | 62112 | 62162 | 78729 | 55055 | 44244 | 52352 | 34535 | 48248 | 29000 | 29000 | 601518 | 0 |  |  |  |  |  |  |  |  |  |  | 
  R 29: BMW 12V HAF | 14200 |  |  | 0 | 900 | 1200 | 1400 | 1200 | 900 | 1300 | 1000 | 1500 | 1200 | 1200 | 1200 | 1200 | 14200 | 0 |  |  |  |  |  |  |  |  |  |  | 
  R 30:  |  |  |  | 판가(EUR) |  |  |  |  |  |  |  |  |  |  |  |  |  |  |  |  |  |  |  |  |  |  |  |  | 
  R 31: PSA W1 SDN | EBB00412AC(SDN | ME |  | 2.35 | 2115 | 117.5 | 0 | 1339.5 | 0 |  |  |  |  |  |  |  | 3572 |  |  |  |  |  |  |  |  |  |  |  | 
  R 32: PSA W1 SDN | EBB00414AE(SDN | ME |  | 7.68 | 6912 | 384 | 0 | 4377.599999999 | 0 |  |  |  |  |  |  |  | 11673.59999999 |  |  |  |  |  |  |  |  |  |  |  | 
  R 33: PSA W1 SDN | ECW01188AD(SDN | ME |  | 85.86 | 77274 | 4293 | 0 | 48940.2 | 0 |  |  |  |  |  |  |  | 130507.2 |  |  |  |  |  |  |  |  |  |  |  | 
  R 34: PSA W1 SDN | EEA00306AC(SDN | ME |  | 18.46 | 16614 | 923 | 0 | 10522.2 | 0 |  |  |  |  |  |  |  | 28059.2 |  |  |  |  |  |  |  |  |  |  |  | 
  R 35: PSA W1 SDN | EEA00308AF(SDN | ME |  | 106.61 | 95949 | 5330.5 | 0 | 60767.7 | 0 |  |  |  |  |  |  |  | 162047.2 |  |  |  |  |  |  |  |  |  |  |  | 

=== KSCE: PL2026(RS) ===
  [시트: PL2026(RS)]
  R  1: Plofit and Los |  |  |  |  |  |  |  |  |  |  |  |  |  |  |  |  |  |  | 
  R  3:  |  |  |  |  |  |  | Result of 2025 |  |  |  |  |  |  |  |  |  |  |  | 
  R  4:  |  |  |  |  |  |  | CY2025 | CY2025 | CY2025 | CY2025 | CY2025 | CY2025 | CY2025 | CY2025 | CY2025 | CY2025 | CY2025 | CY2025 | 
  R  5: 구분 |  | 계정번호 | FY 2022 |  |  | CY2025 | 1 | 2 | 3 | 4 | 5 | 6 | 7 | 8 | 9 | 10 | 11 | 12 | 
  R  6: Ⅰ. 매출액 | Ⅰ. SALES |  | 3024793760.040 |  |  | 2346351932.14 | 245283550.2999 | 180559243.96 | 191711256.21 | 115740256.41 | 132114755.9900 | 136868599.4099 | 188771267.9600 | 197860400.3200 | 208310779.5199 | 235125270.0000 | 257003276.03 | 257003276.03 | 
  R  7:   1.제품매출 | 1. Product |  | 2540168724.450 |  |  | 2309189265.980 | 240773782.4599 | 174566043.77 | 186856401.69 | 115659539.35 | 125026413.45 | 136652108.2099 | 188527205.1600 | 191151927.3700 | 208103300.98 | 234748508.2200 | 253562017.6600 | 253562017.6600 | 
  R  8:  |   W/H sales (K | 613000 | 1636067758.65 |  |  | 258552083.59 | 61594423.92 | 39490303.19 | 11354909.32000 | 16658767.61 | 28723988.26000 | 34506335.88999 | 26233272.62999 | 12370462.98000 | 10894737.5 | 10488478.40999 | 3118201.939999 | 3118201.939999 | 
  R  9:  |   SMA sales (K | 613001 |  |  |  | 835988106.8100 | 47261274 | 48365650.75 | 77479584.13999 | 62179559.23000 | 68778938.71999 | 48264403.80000 | 74036613.61000 | 40818095.81999 | 64441567.86000 | 89885265.14000 | 107238576.87 | 107238576.87 | 
  R 10:  |   SMA sales (S | 615000 | 902893494 |  |  | 64158920.62 | 25632836.12 | 17077071.87 | 21449012.62999 | 0 | 0 | 0 | 0 | 0 | 0 | 0 | 0 | 0 | 
  R 11:  |   SMA sales (S | 615001 |  |  |  | 1143923263.43 | 105980042.66 | 69633017.96000 | 76572895.6 | 36811709.79999 | 27523486.47000 | 53881368.51999 | 88257318.92000 | 133385950.3000 | 132296067.3899 | 133170928.1100 | 143205238.8500 | 143205238.8500 | 
  R 12:  |   SMA sales (K | 611000 | 1207471.8 |  |  | 318201.64 | 305205.76 | 0 | 0 | 9502.709999999 | 0 | 0 | 0 | 0 | 0 | 3493.170000000 | 0 | 0 | 
  R 13:  |   W/H sales (K | 613004 | 1207471.8 |  |  | 4577418.27 | 0 | 0 | 0 | 0 | 0 | 0 | 0 | 4577418.27 | 0 | 0 | 0 | 0 | 
  R 14:  |   W/H sales (F | 615002 | 1207471.8 |  |  | 1671271.62 | 0 | 0 | 0 | 0 | 0 | 0 | 0 | 0 | 470928.23 | 1200343.390000 | 0 | 0 | 
  R 15:   2. 상품 매출 | 2 Merchandise |  | 219131823.19 |  |  | 20958741.04999 | 4469122.84 | 5714411.75 | 4777239.52 | 0 | 0 | 0 | 0 | 0 | 0 | 314591.7800000 | 2841687.579999 | 2841687.579999 | 
  R 16:  |   W/H sales  | 605000 | 0 |  |  | 0 | 0 | 0 | 0 | 0 | 0 | 0 | 0 | 0 | 0 | 0 | 0 | 0 | 
  R 17:  |   W/H sales  | 603000 |  |  |  | 0 | 0 | 0 | 0 | 0 | 0 | 0 | 0 | 0 | 0 | 0 | 0 | 0 | 
  R 18:  |   SMA sales  | 605901 | 212311843.07 |  |  | 20958741.04999 | 4469122.84 | 5714411.75 | 4777239.52 | 0 | 0 | 0 | 0 | 0 | 0 | 314591.7800000 | 2841687.579999 | 2841687.579999 | 
  R 19:   3. 기타 매출 | 2. Other sales |  | 265493212.4000 |  |  | 16203925.11 | 40645 | 278788.44 | 77615 | 80717.06 | 7088342.54 | 216491.1999999 | 244062.8000000 | 6708472.95 | 207478.5400000 | 62170 | 599570.7899999 | 599570.7899999 | 
  R 20:     └ Material |   └ Materials | 613100 | 172911331.61 |  |  | 104755.67 | 0 | 43424.18 | 0 | 30747.06000000 | 0 | 0 | 0 | 30584.42999999 | 0 | 0 | 0 | 0 | 
  R 21:     └ scrap |   └ scrap | 559001 | 2589065.33 |  |  | 0 | 0 | 0 | 0 | 0 | 0 | 0 | 0 | 0 | 0 | 0 | 0 | 0 | 
  R 22:     └ scrap |   └ scrap | 659000 | 2589065.33 |  |  | 9062601.899999 | 40645 | 235364.26 | 77615 | 49970 | 51775 | 216491.1999999 | 244062.8000000 | 6677888.520000 | 207478.5400000 | 62170 | 599570.7899999 | 599570.7899999 | 
  R 23:     └ 기타 |   └ Other | 649000 | 89992815.46 |  |  | 7036567.54 | 0 | 0 | 0 | 0 | 7036567.54 | 0 | 0 | 0 | 0 | 0 | 0 | 0 | 
  R 24: Ⅱ. 매출원가 | Ⅱ. COST OF SAL |  | 3397717452.775 |  |  | 2761526157.501 | 278720331.7818 | 202716816.1935 | 227049574.3591 | 168270584.2463 | 159042963.1801 | 184129892.7472 | 238311695.7667 | 256729729.9704 | 257408644.1429 | 256556201.2613 | 266736978.0241 | 265852745.8279 | 
  R 25: 제품매출원가 | Cost of manufa |  | 3026646031.186 |  |  | 2746547626.170 | 274717975.7666 | 197515734.4112 | 222726845.5557 | 168239986.1085 | 159042969.2968 | 184130863.6363 | 238312424.9741 | 256700112.9753 | 257409485.1603 | 256429023.7240 | 265469019.8087 | 265853184.7525 | 1.176944566445
  R 26: 1.기초 제품재고 | 1. Beginning M |  | 447672625.1284 |  |  | 99150685.18213 | 99150685.18213 | 58269676.62271 | 85277617.37702 | 84523969.92320 | 138178398.4943 | 195137983.2932 | 232426095.9485 | 189055853.3531 | 169156924.8550 | 107586894.1220 | 109841762.5326 |  | 
  R 27: 2.당기 제품제조원가 | 2. Cost of Goo |  | 2814802177.020 |  |  | 2731236535.768 | 233836967.2072 | 225195329.1871 | 222166171.6768 | 222115775.0818 | 216013807.1623 | 221582903.9556 | 195022592.1739 | 236841457.0916 | 196376442.9734 | 258664522.8207 | 237567381.6847 | 265853184.7525 | 
  R 28: 3.타계정전입 (+) | 3. Transferred |  | 0 |  |  | 0 | 0 | 0 | 0 | 0 | 0 | 0 | 0 | 0 | 0 | 0 | 0 |  | 
  R 29: 4.타계정대체 (-) | 4. Transferred |  | 5392745.591632 |  |  | 1892537.085908 | 0 | 671654.0216248 | 192973.5748634 | 221360.4021516 | 11253.06657531 | 163927.6639624 | 80409.79517626 | 40272.61444883 | 536988.5460978 | -19369.3139099 | -6933.28508206 |  | 
  R 30: 5.재고자산감모손실  | 5.  Losses on  |  | 0 |  |  | 0 | 0 | 0 | 0 | 0 | 0 | 0 | 0 | 0 | 0 | 0 | 0 |  | 
  R 31: 6.재고자산평가손실 | 6.  Loss on va |  | 0 |  |  | 0 | 0 | 0 | 0 | 0 | 0 | 0 | 0 | 0 | 0 | 0 | 0 |  | 
  R 32: 7.기말 제품재고 | 7. Ending Manu |  | 230436025.3704 |  |  | 257931291.5696 | 58269676.62271 | 85277617.37702 | 84523969.92320 | 138178398.4943 | 195137983.2932 | 232426095.9485 | 189055853.3531 | 169156924.8550 | 107586894.1220 | 109841762.5326 | 81947057.69376 |  | 
  R 33: 상품매출원가 | Cost of mercha |  | 203562153.8189 |  |  | 14882892.11986 | 4002356.015162 | 5161336.575137 | 4323048.389565 | 0 | 0 | 0 | 0 | 0 | 0 | 127754 | 1268397.140000 | 0 | 1.408243833335
  R 34: 1.기초 상품재고 | 1. Beginning M |  | 40703216.92972 |  |  | 411463330.1982 | 45507653.91324 | 41505297.89808 | 36343961.32294 | 32020912.93337 | 32020912.93337 | 32009227.31388 | 32009227.31388 | 32009227.31388 | 32009227.31388 | 32009227.31388 | 32009227.31388 | 32009227.31388 | 
  R 35: 2.당기 상품매입원가 | 2. Cost of Mer |  | 215998219.05 |  |  | 1396151.14 | 0 | 0 | 0 | 0 | 0 | 0 | 0 | 0 | 0 | 127754 | 1268397.14 |  | 

=== KSCE: PL2026(KR) ===
  [시트: PL2026(KR)]
  R  1: Plofit and Los |  |  |  |  |  |  |  |  |  |  |  |  |  |  |  |  |  |  | 
  R  3:  |  |  |  |  |  |  | Result of 2025 |  |  |  |  |  |  |  |  |  |  |  | 
  R  4:  |  |  |  |  |  |  | CY2025 | CY2025 | CY2025 | CY2025 | CY2025 | CY2025 | CY2025 | CY2025 | CY2025 | CY2025 | CY2025 | CY2025 | 
  R  5: 구분 |  | 계정번호 | FY 2022 |  |  | CY 2025 | 1 | 2 | 3 | 4 | 5 | 6 | 7 | 8 | 9 | 10 | 11 | 12 | 
  R  6: Ⅰ. 매출액 | Ⅰ. SALES |  | 3024793760.040 |  |  | 29329399151.75 | 3066044378.75 | 2256990549.5 | 2396390702.625 | 1446753205.125 | 1651434449.875 | 1710857492.624 | 2359640849.500 | 2473255004.000 | 2603884744 | 2939065875.000 | 3212540950.375 | 3212540950.375 | 
  R  7:   1.제품매출 | 1. Product |  | 2540168724.450 |  |  | 28864865824.75 | 3009672280.749 | 2182075547.125 | 2335705021.125 | 1445744241.875 | 1562830168.125 | 1708151352.624 | 2356590064.500 | 2389399092.125 | 2601291262.25 | 2934356352.750 | 3169525220.750 | 3169525220.750 | 
  R  8:  |   W/H sales (K | 613000 | 1636067758.65 |  |  | 3231901044.875 | 769930299 | 493628789.875 | 141936366.5000 | 208234595.125 | 359049853.2500 | 431329198.6249 | 327915907.8749 | 154630787.2500 | 136184218.75 | 131105980.1249 | 38977524.24999 | 38977524.24999 | 
  R  9:  |   SMA sales (K | 613001 |  |  |  | 10449851335.12 | 590765925 | 604570634.375 | 968494801.7499 | 777244490.3750 | 859736733.9999 | 603305047.5000 | 925457670.1250 | 510226197.7499 | 805519598.2500 | 1123565814.250 | 1340482210.875 | 1340482210.875 | 
  R 10:  |   SMA sales (S | 615000 | 902893494 |  |  | 801986507.75 | 320410451.5 | 213463398.375 | 268112657.8749 | 0 | 0 | 0 | 0 | 0 | 0 | 0 | 0 | 0 | 
  R 11:  |   SMA sales (S | 615001 |  |  |  | 10449851335.12 | 590765925 | 604570634.375 | 968494801.7499 | 777244490.3750 | 859736733.9999 | 603305047.5000 | 925457670.1250 | 510226197.7499 | 805519598.2500 | 1123565814.250 | 1340482210.875 | 1340482210.875 | 
  R 12:  |   SMA sales (K | 611000 | 1207471.8 |  |  | 3977520.5 | 3815072 | 0 | 0 | 118783.8749999 | 0 | 0 | 0 | 0 | 0 | 43664.62500000 | 0 | 0 | 
  R 13:  |   W/H sales (K | 613004 |  |  |  | 57217728.37499 | 0 | 0 | 0 | 0 | 0 | 0 | 0 | 57217728.37499 | 0 | 0 | 0 | 0 | 
  R 14:  |   W/H sales (F | 615002 | 1207471.8 |  |  | 20890895.25 | 0 | 0 | 0 | 0 | 0 | 0 | 0 | 0 | 5886602.875 | 15004292.37500 | 0 | 0 | 
  R 15:   2. 상품 매출 | 2 Merchandise |  | 219131823.19 |  |  | 261984263.1249 | 55864035.5 | 71430146.875 | 59715493.99999 | 0 | 0 | 0 | 0 | 0 | 0 | 3932397.250000 | 35521094.74999 | 35521094.74999 | 
  R 16:  |   W/H sales  | 605000 | 0 |  |  | 0 | 0 | 0 | 0 | 0 | 0 | 0 | 0 | 0 | 0 | 0 | 0 | 0 | 
  R 17:  |   W/H sales  | 603000 |  |  |  | 0 | 0 | 0 | 0 | 0 | 0 | 0 | 0 | 0 | 0 | 0 | 0 | 0 | 
  R 18:  |   SMA sales  | 605901 | 212311843.07 |  |  | 261984263.1249 | 55864035.5 | 71430146.875 | 59715493.99999 | 0 | 0 | 0 | 0 | 0 | 0 | 3932397.250000 | 35521094.74999 | 35521094.74999 | 
  R 19:   3. 기타 매출 | 2. Other sales |  | 265493212.4000 |  |  | 202549063.875 | 508062.5 | 3484855.5 | 970187.5 | 1008963.25 | 88604281.75 | 2706139.999999 | 3050785.000000 | 83855911.875 | 2593481.750000 | 777125 | 7494634.874999 | 7494634.874999 | 
  R 20:     └ Material |   └ Materials | 613100 | 172911331.61 |  |  | 1309445.875 | 0 | 542802.25 | 0 | 384338.2500000 | 0 | 0 | 0 | 382305.3749999 | 0 | 0 | 0 | 0 | 
  R 21:     └ scrap |   └ scrap | 559001 | 2589065.33 |  |  | 0 | 0 | 0 | 0 | 0 | 0 | 0 | 0 | 0 | 0 | 0 | 0 | 0 | 
  R 22:     └ scrap |   └ scrap | 659000 | 2589065.33 |  |  | 113282523.7499 | 508062.5 | 2942053.25 | 970187.5 | 624625 | 647187.5 | 2706139.999999 | 3050785.000000 | 83473606.5 | 2593481.750000 | 777125 | 7494634.874999 | 7494634.874999 | 
  R 23:     └ 기타 |   └ Other | 649000 | 89992815.46 |  |  | 87957094.25 | 0 | 0 | 0 | 0 | 87957094.25 | 0 | 0 | 0 | 0 | 0 | 0 | 0 | 
  R 24: Ⅱ. 매출원가 | Ⅱ. COST OF SAL |  | 3397717452.775 |  |  | 34519076968.77 | 3484004147.273 | 2533960202.419 | 2838119679.489 | 2103382303.078 | 1988037039.751 | 2301623659.340 | 2978896197.083 | 3209121624.630 | 3217608051.787 | 3206952515.766 | 3334212225.301 | 3323159322.848 | 
  R 25: 제품매출원가 | Cost of manufa |  | 3026646031.186 |  |  | 34331845327.13 | 3433974697.083 | 2468946680.140 | 2784085569.446 | 2102999826.356 | 1988037116.211 | 2301635795.454 | 2978905312.176 | 3208751412.192 | 3217618564.504 | 3205362796.550 | 3318362747.609 | 3323164809.406 | 
  R 26: 1.기초 제품재고 | 1. Beginning M |  | 447672625.1284 |  |  | 1239383564.776 | 1239383564.776 | 728370957.7838 | 1065970217.212 | 1056549624.040 | 1727229981.179 | 2439224791.165 | 2905326199.357 | 2363198166.914 | 2114461560.687 | 1344836176.525 | 1373022031.657 | 0 | 
  R 27: 2.당기 제품제조원가 | 2. Cost of Goo |  | 2814802177.020 |  |  | 34140456697.10 | 2922962090.090 | 2814941614.839 | 2777077145.960 | 2776447188.522 | 2700172589.529 | 2769786299.445 | 2437782402.173 | 2960518213.645 | 2454705537.168 | 3233306535.259 | 2969592271.059 | 3323164809.406 | 
  R 28: 3.타계정전입 (+) | 3. Transferred |  | 0 |  |  | 0 | 0 | 0 | 0 | 0 | 0 | 0 | 0 | 0 | 0 | 0 | 0 | 0 | 
  R 29: 4.타계정대체 (-) | 4. Transferred |  | 5392745.591632 |  |  | 23656713.57385 | 0 | 8395675.270310 | 2412169.685792 | 2767005.026895 | 140663.3321914 | 2049095.799530 | 1005122.439703 | 503407.6806104 | 6712356.826222 | -242116.423874 | -86666.0635257 | 0 | 
  R 30: 5.재고자산감모손실  | 5.  Losses on  |  | 0 |  |  | 0 | 0 | 0 | 0 | 0 | 0 | 0 | 0 | 0 | 0 | 0 | 0 | 0 | 
  R 31: 6.재고자산평가손실 | 6.  Loss on va |  | 0 |  |  | 0 | 0 | 0 | 0 | 0 | 0 | 0 | 0 | 0 | 0 | 0 | 0 | 0 | 
  R 32: 7.기말 제품재고 | 7. Ending Manu |  | 230436025.3704 |  |  | 3224141144.621 | 728370957.7838 | 1065970217.212 | 1056549624.040 | 1727229981.179 | 2439224791.165 | 2905326199.357 | 2363198166.914 | 2114461560.687 | 1344836176.525 | 1373022031.657 | 1024338221.172 | 0 | 
  R 33: 상품매출원가 | Cost of mercha |  | 203562153.8189 |  |  | 186036151.4983 | 50029450.18953 | 64516707.18922 | 54038104.86957 | 0 | 0 | 0 | 0 | 0 | 0 | 1596925 | 15854964.25000 | 0 | 
  R 34: 1.기초 상품재고 | 1. Beginning M |  | 40703216.92972 |  |  | 5143291627.478 | 568845673.9155 | 518816223.7260 | 454299516.5368 | 400261411.6672 | 400261411.6672 | 400115341.4236 | 400115341.4236 | 400115341.4236 | 400115341.4236 | 400115341.4236 | 400115341.4236 | 400115341.4236 | 
  R 35: 2.당기 상품매입원가 | 2. Cost of Mer |  | 215998219.05 |  |  | 17451889.25 | 0 | 0 | 0 | 0 | 0 | 0 | 0 | 0 | 0 | 1596925 | 15854964.24999 | 0 | 

=== KSCI: 2026 Summary ===
  [시트: 2026 Summary]
  R  1:  | * KSCI 2026Y B |  |  |  |  |  |  |  |  |  |  |  |  |  |  |  |  |  | 
  R  3:  | KSCI Total (DG |  |  |  |  |  |  |  |  |  |  |  |  |  |  |  |  |  | 
  R  4:  | USD : 000s |  | KSCI |  | DGO(전선) |  | GP(전장) |  |  |  |  |  |  |  | KSGP |  |  |  | 
  R  5:  |  |  |  |  |  |  |  |  | KLSE |  | FORD/CE1 |  | SJB |  |  |  |  |  | 
  R  6:  |  |  | Amt | % | Amt | % | Amt | % | Amt | % | Amt | % | Amt | % | Amt | % |  |  | 
  R  7:  | Sales |  | 179614351.3250 | 1 | 147645192.9744 | 1 | 31969158.35063 | 1 | 22016726.45319 | 1 | 3921362.327783 | 1 | 6031069.569646 | 1 | 0 | 1 |  |  | 
  R  8:  | Material |  | 137475631.8227 | 0.765393359765 | 121222375.6137 | 0.821038417652 | 16253256.20893 | 0.508404257336 | 14579506.20893 | 0.662201360403 | 1673749.999999 | 0.426828703927 | 0 | 0 | 0 | - |  |  | 
  R  9:  |  | FG Imported | 98081382.20121 | 0.546066511264 | 98081382.20121 | 0.664304609078 | 0 | 0 | 0 | 0 | 0 | 0 | 0 | 0 | 0 | - |  |  | 
  R 10:  |  | Material Mexic | 40684096.59585 | 0.226508050696 | 24926190.22813 | 0.168824935820 | 15757906.36771 | 0.492909641063 | 14132906.36771 | 0.641916789844 | 1624999.999999 | 0.414396799930 | 0 | 0 | 0 | - |  |  | 
  R 11:  |  | Material USA | 0 | 0 | 0 | 0 | 0 | 0 | 0 | 0 | 0 | 0 | 0 | 0 | 0 | - |  |  | 
  R 12:  |  | Inbound Mexico | 669178.9048971 | 0.003725642744 | 0 | 0 | 669178.9048971 | 0.020932015086 | 587928.9048971 | 0.026703738457 | 81250 | 0.020719839996 | 0 | 0 |  | - |  |  | 
  R 13:  |  | Inbound USA | 872416.6579845 | 0.004857165652 | 872416.6579845 | 0.005908872753 | 0 | 0 | 0 | 0 | 0 | 0 | 0 | 0 |  | - |  |  | 
  R 14:  |  | 보상비 | 0 | 0 | 0 | 0 | 0 | 0 | 0 | 0 | 0 | 0 | 0 | 0 |  | - |  |  | 
  R 15:  |  | 평가비 | 0 | 0 | 0 | 0 | 0 | 0 | 0 | 0 | 0 | 0 | 0 | 0 |  | - |  |  | 
  R 16:  |  | Scrap | -2831442.53721 | -0.01576401059 | -2657613.47354 | -0.01800000000 | -173829.063677 | -0.00543739881 | -141329.063677 | -0.00641916789 | -32500.0000000 | -0.00828793599 | 0 | 0 |  | - |  |  | 
  R 17:  | Labor Cost |  | 14449870.34382 | 0.080449419755 | 3672896.399829 | 0.024876505125 | 10776973.94399 | 0.337105338395 | 4871951.439971 | 0.221284097357 | 2129997.218022 | 0.543177865235 | 3775025.286004 | 0.625929653506 | 0 | - |  |  | 
  R 18:  | Direct |  | 4865538.304240 | 0.027088805924 | 1004902.382575 | 0.006806197765 | 3860635.921665 | 0.120761262443 | 1770551.179588 | 0.080418457455 | 1086158.545745 | 0.276985000353 | 1003926.196331 | 0.166459064140 | 0 | - |  |  | 
  R 19:  |  | Wage | 2880488.951615 | 0.016037075714 | 577510.8806399 | 0.003911477705 | 2302978.070975 | 0.072037494566 | 1056183.650276 | 0.047971875043 | 647924.1666945 | 0.165229354631 | 598870.2540050 | 0.099297520462 | 0 | - |  |  | 
  R 20:  |  | Overtime | 270864.8777740 | 0.001508035832 | 86626.632096 | 0.000586721655 | 184238.2456780 | 0.005762999565 | 84494.69202209 | 0.003837750003 | 51833.93333556 | 0.013218348370 | 47909.62032040 | 0.007943801637 | 0 | - |  |  | 
  R 21:  |  | Beneift | 1714184.474851 | 0.009543694377 | 340764.8698398 | 0.002307998404 | 1373419.605011 | 0.042960768311 | 629872.8372897 | 0.028608832408 | 386400.4457158 | 0.098537297351 | 357146.3220056 | 0.059217742040 | 0 | - |  |  | 
  R 22:  | Indirect |  | 2673337.016968 | 0.014883760664 | 476717.1175294 | 0.003228802156 | 2196619.899439 | 0.068710595235 | 798978.6716058 | 0.036289621588 | 470719.7477266 | 0.120039850536 | 926921.4801066 | 0.153691060831 | 0 | - |  |  | 
  R 23:  |  | Wage | 1608727.128320 | 0.008956562303 | 280046.7763200 | 0.001896755124 | 1328680.352 | 0.041561317862 | 483282.1840960 | 0.021950683046 | 284726.5839039 | 0.072609098599 | 560671.584 | 0.092963872746 | 0 | - |  |  | 
  R 24:  |  | Overtime | 139900.0413184 | 0.000778891220 | 33605.61315840 | 0.000227610614 | 106294.4281600 | 0.003324905428 | 38662.57472768 | 0.001756054643 | 22778.12671231 | 0.005808727887 | 44853.72672000 | 0.007437109819 | 0 | - |  |  | 
  R 25:  |  | Beneift | 924709.8473301 | 0.005148307139 | 163064.7280510 | 0.001104436417 | 761645.1192791 | 0.023824371943 | 277033.9127821 | 0.012582883898 | 163215.0371103 | 0.041622024048 | 321396.1693866 | 0.053290078264 | 0 | - |  |  | 
  R 26:  | Salary |  | 6910995.022618 | 0.038476853166 | 2191276.899724 | 0.014841505202 | 4719718.122894 | 0.147633480716 | 2302421.588777 | 0.104576018313 | 573118.9245497 | 0.146153014346 | 1844177.609566 | 0.305779528534 | 0 | - |  |  | 
  R 27:  |  | Wage | 4045956.511220 | 0.022525797528 | 1311970.711220 | 0.008885969700 | 2733985.8 | 0.085519480056 | 1333721.159913 | 0.060577632317 | 331989.9537706 | 0.084661891970 | 1068274.686315 | 0.177128563015 | 0 | - |  |  | 
  R 28:  |  | Overtime | 218718.8640000 | 0.001217713742 | 0 | 0 | 218718.8640000 | 0.006841558404 | 106697.6927930 | 0.004846210585 | 26559.19630165 | 0.006772951357 | 85461.97490526 | 0.014170285041 | 0 | - |  |  | 
  R 29:  |  | Beneift | 2646319.647398 | 0.014733341895 | 879306.1885037 | 0.005955535502 | 1767013.458894 | 0.055272442255 | 862002.7360710 | 0.039152175410 | 214569.7744774 | 0.054718171018 | 690440.9483458 | 0.114480680478 | 0 | - |  |  | 
  R 30:  | Overhead |  | 15062442.52185 | 0.083859905462 | 7543644.606873 | 0.051093059346 | 7518797.914983 | 0.235189110470 | 2328830.418175 | 0.105775507686 | 3109585.433641 | 0.792986001729 | 2080382.063166 | 0.344944132900 | 1780585.374184 | - |  |  | 
  R 31:  | Direct Overhea |  | 2103995.684210 | 0.011713961989 | 1263052.631578 | 0.008554647842 | 840943.0526315 | 0.026304823023 | 261046.1945691 | 0.011856721530 | 41017.27911507 | 0.010459956435 | 538879.5789473 | 0.089350582467 | 0 | - |  |  | 
  R 32:  |  | Customs Expens | 1218037.789473 | 0.006781405720 | 490421.0526315 | 0.003321618826 | 727616.7368421 | 0.022759959110 | 157725.0611769 | 0.007163874316 | 31012.09671775 | 0.007908500700 | 538879.5789473 | 0.089350582467 | 0 | - |  |  | 
  R 33:  |  | Customs Taxes | 88421.05263157 | 0.000492282782 | 88421.05263157 | 0.000598875255 | 0 | 0 | 0 | 0 | 0 | 0 | 0 | 0 | 0 | - |  |  | 
  R 34:  |  | Freight and ha | 797536.8421052 | 0.004440273487 | 684210.5263157 | 0.004634153760 | 113326.3157894 | 0.003544863913 | 103321.1333921 | 0.004692847213 | 10005.18239732 | 0.002551455734 | 0 | 0 | 0 | - |  |  | 
  R 35:  | Indirect Overh |  | 10319203.15986 | 0.057451996924 | 5025624.934358 | 0.034038527317 | 5293578.225510 | 0.165583909574 | 1341647.176440 | 0.060937632090 | 2748470.183456 | 0.700896768447 | 1203460.865613 | 0.199543522374 | 839910.3741842 | - |  |  | 

=== KCTR: Summary ===
  [시트: Summary]
  R  1:  |  |  |  |  | 0.766824969113 | 0.766112728584 | 0.765649812086 | 0.764755236976 | 0.762031451660 | 0.765577365366 | 0.764482801916 | 0.765736608487 | 0.765675891915 | 0.832513553612 | 0.859487759880 | 0.859136977364 |  |  | 
  R  2:  | Profit and Los |  |  |  |  |  |  |  |  |  |  |  |  |  |  | (Affiliate Com |  |  | 
  R  4:  | 구분 |  | FY  | 12 | 1 | 2 | 3 | 4 | 5 | 6 | 7 | 8 | 9 | 10 | 11 | 12 |  |  | 
  R  5:  | Ⅰ. 매출액 | Ⅰ. SALES | 1856226911.715 |  | 93531067.73819 | 116722409.2590 | 166146138.0984 | 138597698.7681 | 126824726.7539 | 193241166.2624 | 118295188.8931 | 176135148.8022 | 159050641.3729 | 233663506.6572 | 165587684.9748 | 168431534.1350 |  |  | 
  R  6:  |   1.상품매출 | 1. Merchandise | 1854696911.715 |  | 93531067.73819 | 116722409.2590 | 166146138.0984 | 138597698.7681 | 126824726.7539 | 193241166.2624 | 118295188.8931 | 176135148.8022 | 159050641.3729 | 233663506.6572 | 165587684.9748 | 166901534.1350 |  |  | 
  R  7:  |  | FORD PHEV-E (V | 308229416.2425 |  | 21737517.40772 | 23596647.18601 | 28172966.64027 | 20593437.54415 | 17018187.97052 | 35466475.77049 | 19592367.66353 | 31891226.19685 | 31176176.28212 | 24254493.10756 | 26571254.83128 | 28158665.64197 |  |  | 
  R  8:  |  | FORD PHEV-E (P | 164122772.5330 |  | 11440798.63564 | 10236504.04241 | 12645093.22886 | 12645093.22886 | 13849387.82209 | 18666566.19499 | 13247240.52548 | 13548314.17378 | 14105300.42315 | 14346159.34180 | 14632179.30769 | 14760135.60822 |  |  | 
  R  9:  |  | BEV-E RWD | 618493354.8151 |  | 39254495.10845 | 40331839.03608 | 77686291.21763 | 65698391.51385 | 52476443.31115 | 83131775.07000 | 50556812.31284 | 79958507.50136 | 66619030.87019 | 62779768.87355 | 0 | 0 |  |  | 
  R 10:  |  | BEV-E AWD | 144571267.2520 |  | 1339958.986365 | 11503032.52910 | 20202458.56366 | 16141352.09729 | 12121475.13819 | 20697212.65093 | 11379344.00728 | 19377868.41820 | 15790901.28547 | 16017663.57547 | 0 | 0 |  |  | 
  R 11:  |  | FORD BEV-M | 318957745.185 |  | 18887592.95999 | 28331389.43999 | 26423506.368 | 22648719.74400 | 30198292.99199 | 33973079.61600 | 22648719.74400 | 30198292.99199 | 30198292.99199 | 20066660.838 | 27884925.495 | 27498272.00400 |  |  | 
  R 12:  |  | EV-V4 | 280523889.1340 |  | 0 | 1378803.850924 | 0 | 0 | 0 | 0 | 0 | 0 | 0 | 93048361.76104 | 93048361.76104 | 93048361.76104 |  |  | 
  R 13:  |  | Components | 19798466.55396 |  | 870704.6400000 | 1344193.174485 | 1015822.080000 | 870704.6400000 | 1160939.52 | 1306056.96 | 870704.6400000 | 1160939.52 | 1160939.52 | 3150399.159825 | 3450963.579825 | 3436099.119825 |  |  | 
  R 14:  |   2. 기타 매출 | 2. Other sales | 1530000 |  | 0 | 0 | 0 | 0 | 0 | 0 | 0 | 0 | 0 | 0 | 0 | 1530000 |  |  | 
  R 15:  |     └ scrap |   └ Scrap | 0 |  |  |  |  |  |  |  |  |  |  |  |  |  |  |  | 
  R 16:  |     └ Test Par |     └ Test Par | 0 |  |  |  |  |  |  |  |  |  |  |  |  |  |  |  | 
  R 17:  |     └ 기타 |   └ Other | 1530000 |  |  |  |  |  |  |  |  |  |  |  |  | 1530000 |  |  | 
  R 18:  |     └ 기타(투자비) |   └ Investment | 0 |  |  |  |  |  |  |  |  |  |  |  |  |  |  |  | 
  R 19:  |  |  | 0.789915260987 |  | 0.766824969113 | 0.766112728584 | 0.765649812086 | 0.764755236976 | 0.762031451660 | 0.765577365366 | 0.764482801916 | 0.765736608487 | 0.765675891915 | 0.832513553612 | 0.859487759880 | 0.851332740574 |  |  | 
  R 20:  | Ⅱ. 매출원가 | Ⅱ. COST OF SAL | 1466261965.420 |  | 71721958.1295 | 89422523.44439 | 127209759.4139 | 105993315.9659 | 96644430.63478 | 147941062.9476 | 90434637.45831 | 134873131.4792 | 121781241.6929 | 194528036.2767 | 142320588.4228 | 143391279.5543 |  |  | 
  R 21:  | 상품매출원가 | Cost of mercha | 1466261965.420 |  | 71721958.1295 | 89422523.44439 | 127209759.4139 | 105993315.9659 | 96644430.63478 | 147941062.9476 | 90434637.45831 | 134873131.4792 | 121781241.6929 | 194528036.2767 | 142320588.4228 | 143391279.5543 |  |  | 
  R 22:  | 1.기초 상품재고 | 1. Beginning M | 0 |  |  |  |  |  |  |  |  |  |  |  |  |  |  |  | 
  R 23:  | 2.당기 상품매입원가 | 2. Cost of Mer | 1466261965.420 |  | 71721958.1295 | 89422523.44439 | 127209759.4139 | 105993315.9659 | 96644430.63478 | 147941062.9476 | 90434637.45831 | 134873131.4792 | 121781241.6929 | 194528036.2767 | 142320588.4228 | 143391279.5543 |  |  | 
  R 24:  | 3.타계정전입 (+) | 3. Transferred | 0 |  |  |  |  |  |  |  |  |  |  |  |  |  |  |  | 
  R 25:  | 4.타계정대체 (-) | 4. Transferred | 0 |  |  |  |  |  |  |  |  |  |  |  |  |  |  |  | 
  R 26:  | 5.기말 상품재고 | 5. Ending Merc | 0 |  |  |  |  |  |  |  |  |  |  |  |  |  |  |  | 
  R 27:  | 기타매출원가 | Cost of other  | 0 |  | 0 | 0 | 0 | 0 | 0 | 0 | 0 | 0 | 0 | 0 | 0 | 0 |  |  | 
  R 28:  |    원재료 매출원가 | Raw material | 0 |  |  |  |  |  |  |  |  |  |  |  |  |  |  |  | 
  R 29:  |    반제품 매출원가 | Halb | 0 |  |  |  |  |  |  |  |  |  |  |  |  |  |  |  | 
  R 30:  |    기타 | Other | 0 |  |  |  |  |  |  |  |  |  |  |  |  |  |  |  | 
  R 31:  |    기타(투자비) | Investment | 0 |  |  |  |  |  |  |  |  |  |  |  |  |  |  |  | 
  R 32:  | Ⅲ. 매출총이익 | Ⅲ. GROSS PROFI | 389964946.2950 |  | 21809109.60869 | 27299885.81464 | 38936378.68449 | 32604382.80226 | 30180296.11918 | 45300103.31481 | 27860551.43483 | 41262017.32293 | 37269399.67996 | 39135470.38051 | 23267096.55197 | 25040254.58071 |  |  | 
  R 33:  |      (이익률) |     (Rate) | 0.210084739012 |  | 0.233175030886 | 0.233887271415 | 0.234350187913 | 0.235244763023 | 0.237968548339 | 0.234422634633 | 0.235517198083 | 0.234263391512 | 0.234324108084 | 0.167486446387 | 0.140512240119 | 0.148667259425 |  |  | 
  R 34:  | Ⅳ.판매관리비 | SELLING AND MA | 32457954.37642 | 0 | 1864869.924932 | 2111319.238557 | 2624130.174927 | 2295347.487432 | 4211534.863594 | 2905578.605423 | 2097975.238066 | 2807689.811893 | 2665818.202987 | 3411946.855830 | 2716652.740590 | 2745091.232192 |  |  | 
  R 35:  |  | Export Expense | 1628307.236341 |  | 95782.77860833 | 95782.77860833 | 95782.77860833 | 95782.77860833 | 95782.77860833 | 95782.77860833 | 95782.77860833 | 191565.5572166 | 191565.5572166 | 191565.5572166 | 191565.5572166 | 191565.5572166 |  |  | 

=== KCTR: 26 Detail ===
  [시트: 26 Detail]
  R  1:  | 1 | 2 | 3 | 4 | 5 | 6 | 7 | 8 | 9 | 10 | 11 | 12 |  |  |  |  |  |  | 
  R  2: Ⅳ.판매관리비  _ SEL |  |  |  |  |  |  |  |  |  |  |  |  |  |  |  |  | double check |  | 
  R  3: Export Expense | 95782.77860833 | 95782.77860833 | 95782.77860833 | 95782.77860833 | 95782.77860833 | 95782.77860833 | 95782.77860833 | 191565.5572166 | 191565.5572166 | 191565.5572166 | 191565.5572166 | 191565.5572166 |  |  |  |  | 1628307.236341 |  | 
  R  4: Shipping Expen | 23901.1162 | 23901.1162 | 23901.1162 | 23901.1162 | 23901.1162 | 23901.1162 | 23901.1162 | 47802.2324 | 47802.2324 | 47802.2324 | 47802.2324 | 47802.2324 |  | Shipping Expen | 30% Increased |  | 0 |  | 
  R  5: Export Charges | 0 | 0 | 0 | 0 | 0 | 0 | 0 | 0 | 0 | 0 | 0 | 0 |  |  |  |  |  |  | 
  R  6: Warehouse Char | 8755.676041666 | 8755.676041666 | 8755.676041666 | 8755.676041666 | 8755.676041666 | 8755.676041666 | 8755.676041666 | 17511.35208333 | 17511.35208333 | 17511.35208333 | 17511.35208333 | 17511.35208333 |  | Warehouse char | 30% Increased |  |  |  | 
  R  7: Transport labo | 32447.4124 | 32447.4124 | 32447.4124 | 32447.4124 | 32447.4124 | 32447.4124 | 32447.4124 | 64894.8248 | 64894.8248 | 64894.8248 | 64894.8248 | 64894.8248 |  | Security X-Ray | 30% Increased |  |  |  | 
  R  8: Other Export E | 17133.9428 | 17133.9428 | 17133.9428 | 17133.9428 | 17133.9428 | 17133.9428 | 17133.9428 | 34267.8856 | 34267.8856 | 34267.8856 | 34267.8856 | 34267.8856 |  |  | 30% Increased |  |  |  | 
  R  9: Other Tax | 13544.63116666 | 13544.63116666 | 13544.63116666 | 13544.63116666 | 13544.63116666 | 13544.63116666 | 13544.63116666 | 27089.26233333 | 27089.26233333 | 27089.26233333 | 27089.26233333 | 27089.26233333 |  | EV-V4 (Part Ex | 30% Increased |  |  |  | 
  R 11: Import Expense | 20897.96626666 | 20897.96626666 | 20897.96626666 | 20897.96626666 | 20897.96626666 | 20897.96626666 | 20897.96626666 | 20897.96626666 | 41795.93253333 | 41795.93253333 | 41795.93253333 | 41795.93253333 |  |  |  |  | 334367.4602666 |  | 
  R 12: Shipping Expen | 3260.947083333 | 3260.947083333 | 3260.947083333 | 3260.947083333 | 3260.947083333 | 3260.947083333 | 3260.947083333 | 3260.947083333 | 6521.894166666 | 6521.894166666 | 6521.894166666 | 6521.894166666 |  | - Ev-v4 will s | 30% Increased |  | 0 |  | 
  R 13: Export Charges | 0 | 0 | 0 | 0 | 0 | 0 | 0 | 0 | 0 | 0 | 0 | 0 |  |  |  |  |  |  | 
  R 14: Warehouse Char | 2443.8245 | 2443.8245 | 2443.8245 | 2443.8245 | 2443.8245 | 2443.8245 | 2443.8245 | 2443.8245 | 4887.649 | 4887.649 | 4887.649 | 4887.649 |  |  | 30% Increased |  |  |  | 
  R 15: Transport labo | 3286.612116666 | 3286.612116666 | 3286.612116666 | 3286.612116666 | 3286.612116666 | 3286.612116666 | 3286.612116666 | 3286.612116666 | 6573.224233333 | 6573.224233333 | 6573.224233333 | 6573.224233333 |  |  | 30% Increased |  |  |  | 
  R 16: Other Export E | 2469.125750000 | 2469.125750000 | 2469.125750000 | 2469.125750000 | 2469.125750000 | 2469.125750000 | 2469.125750000 | 2469.125750000 | 4938.251500000 | 4938.251500000 | 4938.251500000 | 4938.251500000 |  |  | 30% Increased |  |  |  | 
  R 17: Custom Tax | 8320.618366666 | 8320.618366666 | 8320.618366666 | 8320.618366666 | 8320.618366666 | 8320.618366666 | 8320.618366666 | 8320.618366666 | 16641.23673333 | 16641.23673333 | 16641.23673333 | 16641.23673333 |  |  | 30% Increased |  |  |  | 
  R 18: Other Tax | 1116.838449999 | 1116.838449999 | 1116.838449999 | 1116.838449999 | 1116.838449999 | 1116.838449999 | 1116.838449999 | 1116.838449999 | 2233.676899999 | 2233.676899999 | 2233.676899999 | 2233.676899999 |  |  | 30% Increased |  |  |  | 
  R 20: Domestic Trans | 554836.15 | 554836.15 | 554836.15 | 554836.15 | 554836.15 | 554836.15 | 554836.15 | 554836.15 | 554836.15 | 554836.15 | 554836.15 | 554836.15 |  |  |  |  | 6658033.800000 |  | 
  R 21: Transportation | 554836.15 | 554836.15 | 554836.15 | 554836.15 | 554836.15 | 554836.15 | 554836.15 | 554836.15 | 554836.15 | 554836.15 | 554836.15 | 554836.15 |  | Ford-KCTR dire | 30% Increased |  | 0 |  | 
  R 23: Sales Return c | 0 | 0 | 0 | 0 | 0 | 0 | 0 | 0 | 0 | 0 | 0 | 0 |  |  |  |  | 0 |  | 
  R 24: Return Materia | - | - | - | - | - | - | - | - | - | - | - | - |  | Already applie |  |  | 0 |  | 
  R 25: Other Expenses | - | - | - | - | - | - | - | - | - | - | - | - |  | Already applie |  |  |  |  | 
  R 27: Product Sample | 41357.48512500 | 41357.48512500 | 41357.48512500 | 41357.48512500 | 41357.48512500 | 41357.48512500 | 41357.48512500 | 41357.48512500 | 41357.48512500 | 41357.48512500 | 41357.48512500 | 41357.48512500 |  |  |  |  | 496289.8215000 |  | 
  R 28: Domestic Sampl | 6790.559625000 | 6790.559625000 | 6790.559625000 | 6790.559625000 | 6790.559625000 | 6790.559625000 | 6790.559625000 | 6790.559625000 | 6790.559625000 | 6790.559625000 | 6790.559625000 | 6790.559625000 |  | Urgent deliver | 30% Increased |  | 0 |  | 
  R 29: Export Sample  | 3457.461375000 | 3457.461375000 | 3457.461375000 | 3457.461375000 | 3457.461375000 | 3457.461375000 | 3457.461375000 | 3457.461375000 | 3457.461375000 | 3457.461375000 | 3457.461375000 | 3457.461375000 |  | Ford Overseas  | 30% Increased |  |  |  | 
  R 30: Other Sample E | 31109.46412500 | 31109.46412500 | 31109.46412500 | 31109.46412500 | 31109.46412500 | 31109.46412500 | 31109.46412500 | 31109.46412500 | 31109.46412500 | 31109.46412500 | 31109.46412500 | 31109.46412500 |  | Urgent deliver | 30% Increased |  |  |  | 
  R 32: Rental Expense | 106596.588384 | 121132.4868000 | 139706.1347760 | 86407.840584 | 120324.9368880 | 150204.2836320 | 92060.68996800 | 127592.886096 | 135668.3852160 | 135668.3852160 | 121132.4868000 | 121132.4868000 |  |  |  |  | 1457627.591160 |  | 
  R 33: Box Rental Exp | 106596.588384 | 121132.4868000 | 139706.1347760 | 86407.840584 | 120324.9368880 | 150204.2836320 | 92060.68996800 | 127592.886096 | 135668.3852160 | 135668.3852160 | 121132.4868000 | 121132.4868000 |  | BEV-M Rent/Iss | 30% Increased |  | 0 |  | 
  R 35: Other Expenses | 110088.2791666 | 110088.2791666 | 110088.2791666 | 110088.2791666 | 2110088.279166 | 110088.2791666 | 110088.2791666 | 110088.2791666 | 110088.2791666 | 110088.2791666 | 110088.2791666 | 110088.2791666 |  |  |  |  | 3321059.350000 |  | 
